-3.429799	0.926696	0.148957
-3.355179	0.935045	0.173858
-3.707872	0.929697	0.153317
-3.580424	0.930047	0.014248
-3.384107	0.916613	0.186089
-3.557679	0.918844	0.066904
-3.502394	0.926053	0.218335
-3.614743	0.927248	0.269952
-3.873804	0.933257	0.345259
-3.578103	0.948899	0.159696
-3.493382	0.954638	0.159202
-3.819806	0.937971	0.300216
-3.517965	0.929316	0.002540
-3.910337	0.926608	0.332907
-3.592036	0.948868	0.019266
-3.453116	0.935950	0.197403
-3.532607	0.932141	0.141327
-3.353100	0.926844	0.065815
-3.552181	0.924096	0.015936
-3.196118	0.932555	0.176499
-3.951998	0.951898	0.380244
-3.507411	0.920950	0.224791
-3.294283	0.930721	0.119830
-3.605718	0.940607	0.231734
-3.993612	0.942033	0.359465
-3.483061	0.942190	0.172929
-3.465510	0.921407	0.076174
-3.507467	0.910503	0.181736
-3.421182	0.928972	0.045314
-3.776339	0.920694	0.300831
-3.403742	0.925868	0.115356
-3.683204	0.941516	0.223252
-3.564757	0.935984	0.195504
-3.749293	0.926188	0.146990
-3.607567	0.933555	0.276560
-3.333261	0.930893	0.186327
-3.564990	0.930392	0.179309
-4.377346	0.930780	0.486379
-3.431646	0.931132	0.203433
-3.368565	0.950558	0.134061
-3.560150	0.939509	0.042404
-3.322479	0.945779	0.096543
-3.873078	0.934147	0.285235
-3.176888	0.937901	0.102062
-3.890876	0.938878	0.351583
-3.652910	0.939089	0.202173
-3.941525	0.934680	0.327550
-3.643066	0.936118	0.048127
-3.769568	0.927468	0.371705
-3.424350	0.918070	0.096919
-3.672349	0.913220	0.324566
-3.877439	0.922490	0.351122
-3.777682	0.930813	0.252951
-3.723136	0.927319	0.238497
-3.826857	0.919459	0.259127
-3.808062	0.916836	0.367299
-3.450481	0.933310	0.004754
-3.481098	0.936608	0.037873
-3.770107	0.926177	0.242001
-3.415233	0.926445	0.082388
-3.441767	0.935314	0.169735
-3.610472	0.929090	0.316072
-3.870648	0.948032	0.054110
-3.336218	0.946240	0.149175
-3.457498	0.928245	0.002689
-3.509591	0.931882	0.123162
-2.984017	0.935648	0.175621
-3.668804	0.935458	0.280424
-3.501269	0.929390	0.008236
-3.320139	0.957603	0.095967
-3.548822	0.940230	0.186183
-3.595920	0.935338	0.152506
-3.217684	0.930006	0.141839
-4.233265	0.940740	0.441117
-3.846873	0.930167	0.358565
-3.680017	0.938011	0.052778
-3.264305	0.938858	0.179851
-3.513328	0.937070	0.064622
-3.623868	0.908044	0.128196
-3.345521	0.928917	0.036132
-3.592209	0.951703	0.239719
-3.472883	0.930171	0.121609
-3.149950	0.936597	0.131188
-3.715759	0.940242	0.264330
-3.900765	0.919680	0.302949
-3.463404	0.936876	0.006604
-3.281152	0.944480	0.122988
-3.171287	0.939192	0.149427
-4.036984	0.943416	0.393009
-3.245699	0.934408	0.105601
-4.110940	0.928100	0.470671
-3.400384	0.920931	0.185808
-3.649516	0.942732	0.281205
-3.580602	0.944727	0.201345
-3.796715	0.965214	0.364877
-3.295157	0.953028	0.024150
-3.509421	0.929935	0.187387
-3.615266	0.920636	0.227194
-3.471695	0.930689	0.221714
-3.571151	0.926782	0.203841
-3.737985	0.936650	0.206530
-3.778542	0.915999	0.251661
-3.575706	0.932376	0.190876
-4.585733	0.943313	0.570717
-3.693203	0.927446	0.241517
-3.552351	0.925077	0.209622
-3.473127	0.933450	0.155987
-3.619332	0.927920	0.221596
-3.580504	0.901538	0.209191
-3.346526	0.924658	0.095347
-3.310880	0.929758	0.132691
-3.786452	0.920321	0.254042
-3.499472	0.958189	0.117318
-3.353163	0.936611	0.141028
-3.630735	0.940639	0.131662
-3.486908	0.943409	0.003102
-3.285331	0.934253	0.123288
-3.443840	0.934755	0.006410
-4.207678	0.939384	0.342950
-3.330923	0.930090	0.149784
-3.571938	0.926945	0.177838
-5.175161	0.937478	0.826536
-3.247313	0.933048	0.129086
-3.443141	0.945655	0.173550
-3.430633	0.922460	0.180831
-3.200774	0.938420	0.146747
-3.505054	0.939063	0.087608
-3.338059	0.914113	0.033633
-3.500856	0.921581	0.015611
-3.525917	0.941643	0.164672
-3.771862	0.927771	0.242573
-3.472116	0.939408	0.246092
-3.240574	0.930682	0.138005
-4.171727	0.931620	0.419870
-3.392678	0.921294	0.146526
-3.806189	0.961218	0.369916
-4.101028	0.923801	0.421043
-3.477147	0.905162	0.209891
-3.781820	0.909010	0.312439
-3.546343	0.935613	0.105387
-3.402380	0.925612	0.180579
-3.562215	0.928545	0.327225
-3.518847	0.937762	0.127653
-3.550428	0.922440	0.039511
-3.652284	0.918366	0.289120
-3.342065	0.935823	0.131108
-3.583213	0.910116	0.160101
-3.644442	0.923101	0.133441
-3.799433	0.921071	0.287521
-3.550891	0.938717	0.134867
-3.786001	0.934385	0.280836
-4.207362	0.948904	0.349251
-3.529592	0.928072	0.267788
-3.639523	0.942743	0.008904
-3.715611	0.946268	0.182148
-3.825580	0.944965	0.291257
-3.524524	0.931831	0.212436
-3.477309	0.930412	0.006554
-3.730366	0.943222	0.237908
-3.753614	0.927089	0.096969
-3.483414	0.938502	0.139435
-4.053633	0.916571	0.338817
-3.929522	0.923583	0.308214
-3.760011	0.943024	0.264179
-3.273819	0.924176	0.165724
-3.711830	0.932487	0.243819
-3.585959	0.944482	0.180626
-3.751067	0.954847	0.056037
-3.324198	0.950568	0.110081
-3.734803	0.953587	0.205001
-3.626125	0.922060	0.245546
-3.533601	0.926359	0.031006
-3.330093	0.939384	0.034731
-3.617910	0.919284	0.218759
-3.400382	0.926874	0.178571
-3.384132	0.923153	0.128854
-3.726346	0.925524	0.320945
-3.634822	0.919562	0.213401
-3.269787	0.929439	0.132604
-4.169561	0.935300	0.448798
-3.297082	0.946632	0.124928
-3.660081	0.924119	0.254775
-3.585298	0.917163	0.201135
-2.918771	0.939321	0.162160
-3.694980	0.940629	0.045759
-4.281213	0.928245	0.341401
-3.678302	0.942645	0.205527
-3.479624	0.939789	0.213749
-3.210054	0.927146	0.135945
-3.466050	0.934693	0.026422
-3.673490	0.928662	0.182810
-4.254306	0.938042	0.626702
-4.563132	0.946403	0.570831
-3.886322	0.943069	0.335892
-3.696939	0.920664	0.361143
-3.631042	0.951799	0.162299
-4.006072	0.934029	0.429128
-3.413034	0.931385	0.067919
-3.520326	0.934182	0.081519
-3.268358	0.941645	0.132987
-3.323272	0.923021	0.129015
-3.601406	0.914643	0.152027
-3.638417	0.940047	0.029324
-3.471482	0.924165	0.176658
-3.506851	0.894038	0.237823
-3.745649	0.923527	0.230381
-3.971977	0.913244	0.297928
-3.684384	0.910833	0.082042
-3.676584	0.944044	0.180893
-3.848841	0.958886	0.285435
-3.672199	0.948753	0.212624
-3.966150	0.926974	0.355311
-3.513201	0.952910	0.159032
-3.942328	0.941737	0.371622
-3.872248	0.936171	0.260399
-3.684153	0.934071	0.047966
-3.899962	0.939196	0.364936
-3.508196	0.933548	0.170033
-3.998191	0.927019	0.343973
-3.546544	0.937984	0.196788
-4.005691	0.935302	0.421984
-3.316266	0.921734	0.092975
-3.681705	0.933721	0.287881
-3.572357	0.913726	0.241923
-3.564338	0.909179	0.205358
-3.386659	0.934475	0.179268
-3.611570	0.916145	0.173896
-3.410455	0.908842	0.173597
-3.375186	0.946131	0.205503
-3.313234	0.931262	0.168725
-3.344713	0.931267	0.122300
-3.477939	0.915214	0.159520
-3.406692	0.922297	0.179807
-3.457694	0.934349	0.029941
-3.244153	0.946281	0.116844
-3.663100	0.937483	0.192610
-3.587613	0.930729	0.102285
-3.652075	0.914542	0.044039
-3.413354	0.932670	0.167856
-3.480435	0.934248	0.024407
-3.491400	0.943561	0.270846
-3.926731	0.936501	0.300541
-3.609079	0.944506	0.003593
-3.164312	0.944498	0.235658
-3.500437	0.945750	0.182904
-3.382232	0.924750	0.113540
-3.707721	0.929164	0.004807
-3.666450	0.927211	0.222252
-3.540576	0.929841	0.196899
-3.502787	0.912603	0.187213
-3.312213	0.936439	0.175868
-3.401075	0.934959	0.105841
-3.619596	0.945926	0.033535
-3.434910	0.947261	0.130891
-3.845271	0.933482	0.079589
-3.154667	0.935851	0.112019
-3.533060	0.941025	0.008486
-3.559161	0.928706	0.053521
-3.396834	0.934361	0.109666
-3.580401	0.929370	0.288376
-3.970752	0.928828	0.423178
-3.906399	0.930675	0.280645
-3.468565	0.919590	0.016305
-3.313859	0.932721	0.079659
-3.719372	0.932432	0.233513
-3.752737	0.940342	0.357882
-3.149601	0.940489	0.147869
-3.593370	0.926176	0.254901
-3.527448	0.923875	0.151493
-3.523759	0.944248	0.034016
-3.581536	0.930080	0.026549
-3.744609	0.930716	0.301321
-3.574435	0.922874	0.219301
-3.654397	0.911800	0.163967
-3.690470	0.897326	0.353180
-3.481969	0.914158	0.215057
-3.440391	0.927656	0.178490
-4.090091	0.923096	0.509769
-3.254354	0.926252	0.121262
-3.307101	0.933285	0.131788
-3.635364	0.937203	0.216857
-3.472280	0.937256	0.146661
-3.807872	0.920796	0.289076
-3.099904	0.928623	0.138528
-3.616929	0.944682	0.034106
-3.898648	0.929279	0.304563
-3.425430	0.927497	0.043777
-3.537396	0.927938	0.151712
-3.398889	0.919559	0.165596
-4.021060	0.946651	0.361312
-3.279549	0.930438	0.190929
-3.848141	0.937698	0.051601
-3.304829	0.931590	0.152294
-3.433324	0.935685	0.063051
-3.679782	0.933486	0.293087
-3.783144	0.920347	0.261266
-3.173715	0.935023	0.172518
-3.526584	0.923553	0.282588
-3.196918	0.939883	0.111253
-3.256210	0.939377	0.106098
-4.135335	0.951575	0.500701
-3.732985	0.921866	0.189761
-3.639335	0.927323	0.064792
-3.484697	0.919192	0.181793
-3.439424	0.914703	0.207521
-3.606549	0.924208	0.098102
-3.898601	0.909878	0.344436
-3.903233	0.928779	0.437501
-3.499166	0.922441	0.016133
-4.085818	0.929273	0.411772
-3.664011	0.934317	0.194986
-3.567624	0.935279	0.031425
-3.518200	0.918720	0.172445
-3.453988	0.936844	0.210405
-3.536698	0.906042	0.249882
-4.216738	0.932373	0.490360
-3.407606	0.934334	0.166931
-3.253400	0.930655	0.125561
-4.000266	0.919851	0.321609
-3.364365	0.923694	0.162021
-3.853366	0.934159	0.290075
-3.161164	0.925093	0.153248
-3.494947	0.930309	0.052911
-3.768410	0.951326	0.050014
-3.555376	0.926285	0.192322
-3.384836	0.931287	0.136693
-3.622934	0.923746	0.194861
-3.634072	0.928304	0.087720
-3.616341	0.922385	0.048404
-3.386522	0.916935	0.120846
-3.644574	0.921057	0.253227
-4.242865	0.943275	0.416604
-3.558502	0.935782	0.052089
-3.951419	0.938872	0.304476
-3.809081	0.914559	0.301365
-3.619543	0.938420	0.286231
-3.455146	0.936187	0.156946
-3.905428	0.916897	0.442981
-3.490266	0.936413	0.130910
-3.569881	0.944252	0.034920
-3.337923	0.937807	0.090106
-3.489151	0.926212	0.139597
-4.000820	0.943597	0.428969
-3.418994	0.947185	0.211389
-3.538935	0.927878	0.064967
-4.007612	0.938164	0.468721
-3.454148	0.929552	0.119633
-3.504445	0.919205	0.179921
-4.523411	0.940116	0.679168
-3.591596	0.922755	0.113067
-3.568669	0.917886	0.144007
-3.595174	0.920613	0.193390
-3.362214	0.936709	0.156818
-3.306239	0.946866	0.141443
-3.723353	0.930118	0.327657
-3.405865	0.946523	0.206882
-3.535681	0.930351	0.034739
-3.705975	0.928917	0.234184
-3.782847	0.962556	0.249524
-3.575974	0.937281	0.120083
-4.006288	0.910361	0.426787
-3.495221	0.929846	0.027909
-3.562612	0.927274	0.227074
-3.501184	0.938311	0.107986
-3.402151	0.922176	0.175545
-3.512890	0.931818	0.127707
-3.607994	0.920928	0.180204
-3.354291	0.914255	0.187395
-3.511491	0.928153	0.069994
-3.437321	0.906187	0.187321
-3.855831	0.929806	0.254641
-3.384331	0.917449	0.175656
-3.464924	0.923597	0.157739
-3.765784	0.939860	0.253484
-3.610642	0.919948	0.090007
-3.620755	0.913870	0.182548
-3.711739	0.932992	0.270886
-3.514247	0.903927	0.239270
-3.757382	0.938965	0.281910
-3.838033	0.933094	0.381419
-3.432406	0.928984	0.050538
-3.568188	0.931773	0.061218
-3.685176	0.925669	0.223291
-4.096100	0.934006	0.457935
-3.485377	0.957404	0.088985
-3.561437	0.928720	0.259192
-3.876436	0.916114	0.399334
-3.294630	0.941638	0.166913
-4.097148	0.940346	0.424832
-3.349232	0.925980	0.148981
-3.521124	0.908077	0.329052
-3.588671	0.914867	0.026538
-3.434851	0.918622	0.092505
-3.851404	0.924278	0.392025
-3.447658	0.927132	0.124016
-4.834459	0.950379	0.651490
-3.669786	0.927677	0.129565
-3.267016	0.929961	0.214352
-3.331394	0.946833	0.109282
-3.854118	0.933563	0.337094
-3.819761	0.945609	0.269723
-3.808944	0.929192	0.246920
-3.531399	0.922046	0.150442
-3.690680	0.932163	0.238510
-3.575941	0.930158	0.010461
-3.311691	0.937405	0.234176
-3.724292	0.929210	0.196532
-3.348295	0.928959	0.104866
-3.353421	0.940177	0.179295
-3.744923	0.923380	0.166185
-3.329358	0.942868	0.137193
-3.519298	0.926985	0.213500
-3.355426	0.950138	0.130620
-3.469250	0.933007	0.029182
-3.541449	0.934689	0.004369
-3.413297	0.930161	0.167923
-3.933715	0.905522	0.402356
-3.680763	0.920180	0.215232
-3.394039	0.939527	0.199486
-3.443912	0.919910	0.156830
-3.620015	0.939444	0.011626
-3.589987	0.903359	0.291383
-3.739069	0.933954	0.169798
-3.402668	0.927117	0.126778
-3.513802	0.936925	0.032987
-3.591163	0.909863	0.093133
-3.594879	0.930438	0.213374
-3.422903	0.937396	0.118713
-3.401273	0.929899	0.143762
-3.504789	0.944606	0.035948
-3.382688	0.895804	0.235771
-3.924139	0.941103	0.079427
-4.217154	0.928898	0.477848
-3.540648	0.929491	0.015086
-3.640359	0.935754	0.047978
-3.550691	0.937610	0.107627
-3.493434	0.936272	0.013349
-3.521561	0.922020	0.069904
-3.588540	0.925797	0.213391
-3.563676	0.939210	0.151462
-3.250110	0.941208	0.141743
-3.644913	0.919915	0.228759
-3.446108	0.929695	0.161963
-3.466089	0.931103	0.153550
-5.223411	0.956653	0.842333
-3.513277	0.922451	0.109910
-3.586340	0.939617	0.018502
-3.782353	0.918759	0.201087
-4.012897	0.918402	0.365764
-3.520923	0.919135	0.053538
-3.714706	0.906853	0.290332
-3.821404	0.931290	0.291049
-3.563651	0.935363	0.172634
-4.125103	0.946959	0.467727
-3.424183	0.940343	0.088260
-3.609778	0.918618	0.274499
-3.651778	0.925368	0.233038
-3.754581	0.937384	0.055580
-3.628967	0.943033	0.219293
-3.510121	0.947759	0.201714
-3.893904	0.929048	0.362865
-3.403492	0.937526	0.211580
-4.526082	0.938972	0.571122
-3.474506	0.946521	0.014392
-3.465253	0.939341	0.136428
-3.619863	0.927303	0.220533
-3.661894	0.939068	0.210385
-3.270718	0.895655	0.116139
-3.271899	0.909206	0.173897
-3.421971	0.918467	0.142886
-3.365593	0.930241	0.098851
-4.252997	0.939145	0.348154
-3.457852	0.931368	0.139003
-3.444428	0.912954	0.062574
-3.531999	0.923847	0.236576
-3.499517	0.932685	0.192184
-3.733544	0.930822	0.315783
-3.583261	0.922505	0.118342
-3.623483	0.930530	0.021354
-3.941766	0.930470	0.346509
-3.642326	0.933644	0.055576
-3.634672	0.941927	0.157752
-3.197498	0.931056	0.188405
-3.079814	0.936981	0.116142
-3.633829	0.911908	0.263338
-3.163332	0.938865	0.153698
-3.411567	0.921400	0.193739
-3.403370	0.936147	0.019676
-3.404841	0.931491	0.186100
-4.043132	0.922612	0.342398
-3.490445	0.904232	0.184151
-3.627100	0.916998	0.291594
-3.889858	0.929498	0.335025
-3.680123	0.934389	0.200205
-3.492721	0.935461	0.044671
-3.297933	0.947647	0.094460
-4.124722	0.931469	0.496779
-3.472054	0.935594	0.252554
-3.405608	0.930789	0.140949
-3.371778	0.922743	0.078642
-3.623954	0.922032	0.025857
-3.543211	0.902802	0.295290
-3.593851	0.922520	0.061136
-3.640134	0.930538	0.208410
-3.469744	0.926751	0.149345
-3.554733	0.918820	0.092902
-3.414787	0.923124	0.114276
-3.786627	0.927018	0.194921
-3.686394	0.927209	0.313671
-4.145641	0.941682	0.387356
-4.429361	0.938607	0.550892
-3.299753	0.926958	0.147596
-3.618118	0.931990	0.130719
-3.256172	0.922464	0.045637
-3.984076	0.931787	0.350573
-3.804571	0.938596	0.265048
-3.593900	0.936142	0.201575
-4.278235	0.922955	0.564565
-3.784566	0.933684	0.253458
-3.549645	0.926656	0.156168
-3.340449	0.936255	0.106275
-3.457679	0.913662	0.284856
-3.795313	0.938857	0.275566
-4.216213	0.939986	0.542853
-3.404737	0.948677	0.010336
-3.360913	0.932093	0.118368
-3.335229	0.941499	0.047953
-3.483984	0.934753	0.119360
-3.217939	0.934362	0.140785
-3.390474	0.931059	0.191006
-3.690396	0.927184	0.217551
-3.574873	0.919720	0.065673
-3.257144	0.936300	0.105957
-3.537140	0.935176	0.252856
-3.406755	0.960936	0.083885
-3.444558	0.930176	0.171081
-3.851824	0.923717	0.339006
-4.040806	0.933186	0.329712
-4.133910	0.922763	0.363815
-3.656846	0.931394	0.269416
-3.395463	0.926918	0.159657
-3.896380	0.939320	0.346182
-3.542244	0.931457	0.226983
-3.363733	0.947603	0.102268
-3.412368	0.931592	0.111345
-3.538233	0.926825	0.093831
-3.281650	0.922967	0.103486
-3.658829	0.929218	0.237309
-3.403549	0.913509	0.031689
-3.533082	0.926368	0.263770
-3.359992	0.938490	0.171627
-3.533539	0.923317	0.019388
-3.345530	0.943138	0.023946
-3.820037	0.916824	0.311952
-3.207168	0.945991	0.089561
-3.567529	0.930536	0.173596
-3.534270	0.938912	0.273741
-3.415523	0.930057	0.196639
-3.930773	0.930315	0.264648
-3.246096	0.937089	0.120622
-3.542788	0.933511	0.254375
-3.784710	0.930059	0.271811
-3.233777	0.926868	0.150595
-3.441146	0.917090	0.233270
-3.683041	0.927101	0.277593
-3.583090	0.931432	0.238772
-3.559637	0.920674	0.210012
-4.456472	0.932496	0.463289
-3.730892	0.932140	0.339085
-3.493943	0.923370	0.127912
-3.687962	0.921931	0.193863
-4.233610	0.951605	0.366626
-3.418182	0.919758	0.170642
-4.012937	0.947745	0.403343
-3.685125	0.930035	0.202715
-3.618704	0.938722	0.121947
-3.695437	0.915489	0.274797
-3.972642	0.924011	0.457862
-3.851038	0.912068	0.390067
-3.201842	0.920351	0.252027
-3.468139	0.922045	0.183313
-4.029255	0.933506	0.354729
-3.513792	0.929222	0.047354
-3.798641	0.906970	0.275794
-3.638089	0.918473	0.317996
-3.606409	0.930616	0.163277
-3.659895	0.935593	0.040497
-3.534908	0.919641	0.197024
-3.489764	0.934177	0.120063
-3.409157	0.925671	0.192601
-3.743507	0.933484	0.292286
-3.375289	0.939236	0.114504
-3.616482	0.912352	0.335482
-3.983197	0.931317	0.356358
-3.397737	0.936979	0.177916
-3.158002	0.938235	0.135324
-3.519559	0.923309	0.217939
-3.623515	0.931904	0.092165
-3.424488	0.920689	0.159933
-3.572747	0.921229	0.018610
-3.996434	0.942074	0.403307
-3.397547	0.937617	0.121518
-4.103367	0.932091	0.411674
-4.031287	0.943654	0.406565
-3.229650	0.936373	0.151431
-3.444721	0.923589	0.140553
-3.723169	0.924960	0.213609
-3.387919	0.935548	0.014465
-3.454161	0.926049	0.046466
-3.595013	0.933903	0.275295
-3.762138	0.937627	0.242746
-3.728304	0.924358	0.340660
-3.593153	0.930567	0.162969
-3.771729	0.938731	0.289198
-3.623585	0.914154	0.224043
-3.376679	0.922725	0.179233
-3.435110	0.926471	0.111259
-3.490974	0.925706	0.141922
-3.534660	0.953104	0.217276
-3.346802	0.920723	0.161482
-3.608200	0.916600	0.071249
-3.225896	0.927652	0.148047
-3.409373	0.902874	0.174265
-3.599385	0.937988	0.199919
-3.345276	0.927236	0.180592
-3.455017	0.925452	0.157327
-4.232191	0.919510	0.428066
-3.461974	0.934720	0.161512
-3.234266	0.931590	0.118157
-3.498124	0.937477	0.201587
-3.376894	0.934378	0.205568
-3.800273	0.898967	0.296460
-3.333223	0.921581	0.115501
-3.607303	0.919677	0.186425
-3.517056	0.932764	0.275137
-3.786214	0.941725	0.314028
-3.437986	0.932153	0.215815
-3.440310	0.954045	0.160530
-3.294662	0.919858	0.133743
-3.490213	0.930007	0.141163
-3.400037	0.910059	0.171964
-3.318677	0.954517	0.109458
-3.598762	0.945844	0.275001
-3.059398	0.922256	0.179178
-3.439764	0.931840	0.026965
-3.429162	0.947569	0.120501
-3.620665	0.932579	0.318501
-3.432842	0.940682	0.020214
-3.852406	0.931678	0.313114
-3.593466	0.921103	0.243426
-3.250115	0.929801	0.124906
-3.400122	0.934709	0.125798
-4.004932	0.941597	0.361339
-3.458799	0.935849	0.131793
-3.447753	0.923390	0.115776
-3.302146	0.933227	0.058515
-3.774738	0.940954	0.251667
-3.195827	0.933998	0.108297
-4.053042	0.927393	0.385500
-3.291458	0.929531	0.130595
-3.386370	0.931746	0.057433
-3.676037	0.928120	0.235006
-3.531024	0.932582	0.164598
-3.267516	0.916436	0.182162
-3.609586	0.909960	0.306939
-4.295982	0.944174	0.465034
-3.747535	0.923472	0.237499
-3.438670	0.932105	0.039979
-4.064995	0.931255	0.469531
-3.813088	0.923629	0.336385
-3.598630	0.925107	0.230571
-3.577942	0.937145	0.274174
-3.721980	0.909366	0.321283
-3.429430	0.944424	0.160702
-3.203356	0.937712	0.193060
-3.486071	0.929357	0.127750
-3.620463	0.928225	0.266024
-3.337227	0.928818	0.157084
-3.601028	0.928244	0.308446
-3.376931	0.935782	0.149878
-3.590883	0.928467	0.048435
-3.661690	0.908173	0.222877
-3.608175	0.942742	0.004715
-3.443159	0.932819	0.161090
-3.461900	0.938785	0.025232
-3.645815	0.915167	0.298019
-3.407330	0.923121	0.044926
-3.632418	0.928351	0.043775
-3.547395	0.926130	0.007398
-3.899446	0.908054	0.328787
-3.687087	0.914538	0.258086
-3.405714	0.914018	0.160802
-3.675655	0.922302	0.236294
-3.349202	0.923974	0.208670
-4.163943	0.931403	0.410599
-3.522975	0.911411	0.183051
-3.690432	0.925855	0.112892
-3.498043	0.932741	0.086812
-3.523462	0.934692	0.147988
-3.851614	0.943521	0.212711
-3.745850	0.941207	0.267263
-3.446838	0.919476	0.105814
-3.597895	0.922460	0.058996
-3.475623	0.930634	0.193265
-3.642908	0.932407	0.175191
-4.125052	0.931270	0.500370
-3.620429	0.940822	0.128083
-4.086021	0.933197	0.519028
-3.507562	0.931848	0.180978
-3.739014	0.922805	0.333396
-3.689697	0.933300	0.049572
-3.902361	0.939118	0.247755
-3.522704	0.932798	0.018782
-3.477260	0.941612	0.185580
-3.609668	0.922614	0.069186
-3.479154	0.935695	0.146982
-3.648883	0.902283	0.315739
-3.516551	0.919916	0.149333
-3.555976	0.939973	0.031622
-3.284208	0.925270	0.168296
-3.743125	0.908051	0.235515
-3.524990	0.909717	0.228813
-4.033457	0.933382	0.355613
-3.841485	0.919260	0.295717
-3.528498	0.920801	0.285644
-3.359247	0.925702	0.169223
-3.363851	0.915775	0.106533
-3.423896	0.927295	0.125250
-3.639460	0.929530	0.008059
-3.464849	0.920291	0.121067
-3.630765	0.927324	0.250193
-3.531566	0.909602	0.285945
-3.580220	0.903431	0.171009
-3.498459	0.939175	0.139591
-3.258743	0.940096	0.153677
-3.789774	0.928753	0.277536
-3.332757	0.919474	0.158980
-3.569059	0.934383	0.003090
-3.706292	0.935964	0.099271
-4.125259	0.929912	0.462205
-3.800682	0.934720	0.298828
-3.483452	0.944374	0.047998
-3.612907	0.931623	0.222082
-3.776448	0.918306	0.241847
-3.397274	0.932170	0.119786
-4.618420	0.927605	0.632455
-4.709522	0.948502	0.586162
-3.506149	0.926476	0.039860
-3.616904	0.940409	0.274321
-3.432362	0.918322	0.114777
-3.493736	0.944890	0.030452
-3.514115	0.929884	0.189693
-3.812395	0.914537	0.333354
-3.908277	0.917981	0.106057
-3.758652	0.914365	0.281987
-3.353651	0.927209	0.092709
-3.521439	0.927094	0.243230
-3.408010	0.948997	0.050156
-3.317281	0.940031	0.122787
-3.912126	0.931438	0.340015
-3.395210	0.925926	0.085759
-3.025714	0.958524	0.130271
-3.636015	0.947288	0.260942
-3.593930	0.946112	0.047517
-3.498486	0.922316	0.203456
-3.440942	0.933172	0.104918
-3.774101	0.927137	0.083589
-3.444877	0.948202	0.133675
-3.715452	0.938312	0.100828
-3.644475	0.920365	0.208727
-3.566877	0.928301	0.164524
-3.226919	0.915108	0.172151
-3.257932	0.946970	0.135612
-3.766477	0.905172	0.221508
-3.589123	0.936225	0.241430
-3.588397	0.943716	0.135431
-3.722523	0.945130	0.254288
-3.648397	0.927761	0.179008
-3.730185	0.911133	0.065547
-3.573613	0.905435	0.248492
-3.562239	0.934714	0.124601
-3.650741	0.927500	0.079437
-3.477904	0.915469	0.164637
-3.230223	0.927114	0.146210
-3.584786	0.927286	0.258220
-3.078780	0.946917	0.143202
-3.775751	0.944830	0.310165
-3.466330	0.940514	0.002858
-3.967695	0.934641	0.389409
-3.883622	0.926543	0.434497
-3.488341	0.935723	0.167587
-3.036704	0.940649	0.149741
-3.618946	0.943790	0.214137
-3.601082	0.922610	0.179884
-3.714950	0.942570	0.169162
-3.399178	0.941993	0.025535
-3.259340	0.923340	0.196576
-3.385407	0.928516	0.059004
-3.600412	0.924529	0.205686
-3.378194	0.933401	0.097737
-3.860877	0.933328	0.358128
-3.603654	0.937475	0.182681
-3.197539	0.927757	0.115184
-3.825423	0.939697	0.260365
-3.642387	0.928140	0.190632
-3.412467	0.929438	0.117631
-3.434121	0.928950	0.165171
-3.118978	0.943129	0.111979
-3.611714	0.918274	0.195646
-2.862591	0.927172	0.149481
-3.509142	0.937366	0.210458
-3.520829	0.925987	0.199153
-3.635103	0.945122	0.220879
-3.445738	0.933829	0.156959
-3.756090	0.929398	0.261360
-3.225175	0.907992	0.189261
-3.905194	0.943290	0.279944
-3.214514	0.922170	0.116150
-4.303703	0.918209	0.498473
-3.628994	0.898022	0.290083
-3.672764	0.925076	0.199135
-3.273074	0.941045	0.179446
-3.680331	0.917021	0.286320
-3.571523	0.924659	0.154561
-3.623095	0.944720	0.039806
-4.002248	0.929442	0.292967
-3.503111	0.933983	0.047630
-3.351536	0.937782	0.150740
-3.792448	0.931544	0.278793
-3.633809	0.914572	0.168483
-3.594452	0.922402	0.188187
-3.534464	0.936573	0.228217
-3.460511	0.926987	0.204675
-3.529471	0.917784	0.233630
-3.401926	0.937166	0.104809
-3.306997	0.927805	0.146067
-3.308483	0.943285	0.142032
-3.770484	0.922877	0.211739
-4.637079	0.947286	0.568319
-3.725005	0.927681	0.218229
-3.456756	0.929942	0.020797
-3.435160	0.941996	0.004540
-3.731863	0.938823	0.263421
-3.628680	0.929087	0.023788
-3.634059	0.931604	0.206449
-3.470465	0.949646	0.161009
-4.025958	0.931222	0.375277
-3.656365	0.932306	0.302923
-3.467394	0.919694	0.179396
-3.704525	0.947914	0.250028
-4.456121	0.947710	0.482402
-3.556344	0.935929	0.056831
-3.709867	0.928762	0.291301
-3.720908	0.924926	0.293910
-3.619256	0.931958	0.197823
-3.501112	0.924598	0.155956
-3.499565	0.932703	0.040186
-3.634542	0.929386	0.228354
-4.582135	0.940562	0.562856
-3.704796	0.899281	0.296410
-3.656405	0.921275	0.357967
-3.673800	0.921450	0.292846
-3.510659	0.917679	0.215745
-3.608716	0.904891	0.173329
-3.523366	0.925591	0.101307
-3.794043	0.919974	0.260691
-3.418986	0.922943	0.038739
-3.538516	0.931214	0.133994
-3.553802	0.938596	0.262521
-3.450431	0.937714	0.172119
-3.971855	0.940274	0.356819
-3.510480	0.924224	0.194794
-3.433031	0.944711	0.024533
-3.562007	0.934095	0.040305
-3.354660	0.928380	0.221317
-3.373915	0.922153	0.117254
-3.453781	0.926350	0.074282
-3.629074	0.941695	0.005907
-3.284686	0.908698	0.105946
-3.470356	0.914033	0.073144
-3.500503	0.914364	0.194362
-3.690584	0.937403	0.199893
-3.202412	0.925587	0.168413
-3.621889	0.933886	0.276841
-3.637395	0.942166	0.275860
-3.729036	0.929074	0.047803
-3.344280	0.935420	0.142630
-3.561034	0.931511	0.164898
-3.325900	0.932142	0.112988
-3.924314	0.942716	0.316829
-3.480923	0.926538	0.161923
-3.256339	0.946298	0.114178
-3.383942	0.918180	0.259276
-3.684925	0.938383	0.003855
-3.604783	0.928121	0.142941
-3.698824	0.920561	0.081091
-3.884581	0.934648	0.430595
-3.491079	0.935220	0.001785
-3.616648	0.938971	0.069994
-3.297810	0.941450	0.088416
-3.617851	0.930546	0.143510
-3.532438	0.938048	0.022337
-3.660818	0.916092	0.254226
-3.501153	0.928124	0.055018
-3.358623	0.949394	0.159399
-3.959634	0.931140	0.291689
-4.005412	0.927617	0.407500
-3.807189	0.942453	0.160565
-3.597350	0.944858	0.191271
-3.551299	0.926393	0.201682
-3.680055	0.936012	0.204828
-3.426036	0.934199	0.050665
-3.526303	0.924326	0.019615
-3.500367	0.930161	0.013860
-3.380276	0.925557	0.197172
-4.297393	0.946803	0.503971
-3.522503	0.924663	0.153151
-3.903926	0.929397	0.078165
-3.527380	0.920447	0.231375
-3.446996	0.909519	0.173405
-3.476101	0.934406	0.046031
-3.195369	0.923718	0.144778
-3.758257	0.918075	0.342580
-3.766525	0.907560	0.286724
-3.284949	0.936819	0.114739
-3.331756	0.940869	0.102113
-3.455183	0.921466	0.170480
-3.391099	0.931526	0.145961
-4.004155	0.941073	0.405964
-3.492900	0.924048	0.087994
-3.451001	0.930298	0.151812
-3.671302	0.924276	0.051483
-3.353721	0.947937	0.115013
-3.985289	0.934007	0.368910
-3.322498	0.947626	0.088527
-3.751575	0.927587	0.076691
-3.554604	0.934203	0.123400
-4.066083	0.934609	0.371271
-3.466644	0.948879	0.109534
-3.703854	0.923254	0.232534
-3.667704	0.950905	0.236528
-3.642723	0.944425	0.055307
-3.494357	0.921790	0.228120
-3.504525	0.922406	0.162393
-3.409537	0.932236	0.170303
-3.418973	0.927110	0.250836
-3.673588	0.928408	0.150328
-3.489976	0.927228	0.046959
-3.468959	0.931994	0.228325
-3.393085	0.940090	0.167929
-3.489259	0.921016	0.206601
-3.761726	0.922410	0.217330
-3.304046	0.928001	0.100794
-3.831405	0.938382	0.274751
-3.547212	0.914471	0.190683
-3.474623	0.929201	0.011502
-3.713279	0.913732	0.228775
-3.602111	0.938942	0.181583
-3.502716	0.941952	0.002782
-3.453341	0.945311	0.146302
-3.386949	0.931752	0.214787
-3.593713	0.931836	0.338374
-3.599104	0.928990	0.202121
-3.940196	0.945940	0.372914
-3.987863	0.935124	0.385126
-3.345662	0.919899	0.179346
-3.667745	0.920675	0.156582
-3.267173	0.945942	0.128641
-3.515060	0.953205	0.132907
-3.950682	0.915641	0.409901
-4.025524	0.931946	0.332133
-3.545733	0.925657	0.200903
-3.148431	0.943374	0.106723
-3.544709	0.934867	0.023147
-3.506189	0.952035	0.023434
-3.577839	0.941332	0.090902
-3.676614	0.916765	0.379940
-3.397487	0.919313	0.103300
-3.305672	0.931794	0.117931
-3.605575	0.936292	0.165224
-3.194604	0.935986	0.114905
-3.321799	0.931797	0.105469
-3.451782	0.934722	0.116196
-3.660193	0.912611	0.196460
-3.323356	0.925863	0.133815
-3.491477	0.939232	0.171753
-3.608079	0.940439	0.191137
-4.081203	0.939856	0.352679
-3.737973	0.943350	0.207846
-3.223918	0.930579	0.124513
-3.392824	0.938872	0.041651
-3.914242	0.945934	0.453958
-3.332807	0.922116	0.142460
-3.559609	0.930162	0.163824
-3.549325	0.943174	0.200255
-3.677001	0.942343	0.229403
-3.570285	0.919881	0.272969
-3.441325	0.917268	0.158313
-3.257422	0.946524	0.069565
-3.727663	0.931109	0.284868
