-2.94362377943384	0.78054155456994	0.154063174446781
-2.90573384158964	0.764458505549761	0.115583661816892
-2.91164194009065	0.765842063402468	0.102341114376894
-2.96023202907117	0.697588137292227	0.275453096354642
-2.91573463168066	0.759886885090463	0.0972358841403546
-3.09141021350213	0.729971059462729	0.182504405293224
-2.98773950672564	0.727980327759159	0.286889288043321
-2.92949543260138	0.734932740710543	0.118257536713338
-2.99195380365186	0.774417890756312	0.180906046911477
-2.91577765200742	0.737820631528773	0.240984545734952
-3.08847749224202	0.578740319550474	0.328350792894127
-3.05579600870856	0.773450509410766	0.16559310842154
-2.88032297025459	0.806904911236367	0.125826859035274
-2.99075938782023	0.583616542088078	0.280651336009752
-2.92220618720834	0.837904206196313	0.0967449734459472
-3.09943322358198	0.821569931040571	0.144938542792923
-2.95988104432847	0.759959937223417	0.17573171554565
-2.83534743786334	0.754139059060736	0.182936334484892
-2.9966586224883	0.73055300119484	0.127647769398252
-2.93792706922462	0.824575470002735	0.136543972315875
-3.02453486590967	0.758498242147619	0.166796984236221
-2.93525411612757	0.761823413661256	0.159562378374841
-2.85573744397248	0.641287752515223	0.268047050225341
-3.01775666573484	0.744923020005905	0.189050680391156
-2.95871493394796	0.828351152766014	0.105659747845687
-3.07909800045101	0.744159469812936	0.182222546192949
-2.91701196037436	0.606432170960791	0.260897562743229
-3.00606672455048	0.704662504035433	0.238427685530431
-2.86245700833586	0.749318641877534	0.104801495486766
-3.09824724846027	0.803727876168758	0.202788610713965
-2.95316599717921	0.810240549486612	0.143292553564218
-3.06078004725483	0.764947730865798	0.238883941243017
-3.0226025916172	0.646696602270401	0.165014008930867
-3.13904218742204	0.839176104276159	0.11515637384891
-2.84031066891807	0.838540296898619	0.125120951494626
-3.08479980311438	0.726391190356956	0.143726185252234
-2.88193569322979	0.659931337075097	0.267224634456094
-2.98798131602489	0.838206437188401	0.182581518138035
-2.981132155069	0.791134543321627	0.135323859129845
-2.81991212922141	0.811756186111164	0.104743348578316
-2.99053893051706	0.70806631538909	0.194587918401095
-2.84240805471547	0.759093122426734	0.129493084932313
-3.06798232435236	0.725229538736142	0.163756340161966
-2.9455321192796	0.76080439534961	0.20486249918244
-2.95195960150881	0.743654650261796	0.176010335069529
-3.03740235755601	0.809144142830685	0.167866569431543
-3.01303390996571	0.791409971650252	0.139578417834444
-2.96782051099494	0.760947384771343	0.189056984176287
-3.00244170607515	0.663738016387969	0.268185382694223
-3.04487146085415	0.56272432893448	0.293856239693872
-3.04061698363355	0.650100002456149	0.322088740043571
-2.88766595223541	0.897556956199993	0.0894709994330602
-3.05300054519848	0.826675551413035	0.0872722676915539
-3.0423006473492	0.73243944408495	0.226918423777027
-3.06737483114838	0.798025118354689	0.129917075719693
-2.98172306597504	0.663679707906413	0.1656874148224
-2.96558027721087	0.751355583474418	0.190327206135574
-3.0269145329536	0.721443800940774	0.189790026718097
-3.13021933522537	0.852432993174869	0.0960064525483808
-2.937123523467	0.665134856906802	0.234729451567861
-2.97838943255677	0.840778009326252	0.119706242349404
-2.92713441529958	0.712315178435212	0.274177562966648
-2.87489426973116	0.820840820533915	0.113093634147383
-2.96765905906725	0.742906072123286	0.20220419132956
-2.99812970899475	0.767723218579157	0.120139266567702
-2.86426157508777	0.787355218491413	0.11531285275888
-3.00044719660182	0.557247954905809	0.385088643125733
-2.92880006761098	0.728522253441323	0.176394308480559
-2.98822102964035	0.61371972023553	0.298091446939604
-2.74990066885845	0.765210997137564	0.157564324227437
-2.98764948857664	0.85011538184997	0.188447193173303
-2.88049816482069	0.761947329382025	0.101861466506004
-2.8988393757992	0.828281879204257	0.170866527364665
-2.89877413264965	0.847952745138385	0.115978588121454
-2.89617908769048	0.816555685196888	0.11697778872167
-2.87869539056337	0.713163578723886	0.204985313496805
-2.86044846638518	0.839882607790701	0.157373993702496
-2.92665625644928	0.595363746486486	0.295799973982739
-2.8261376928324	0.899519300387458	0.123854211883096
-2.87490392130217	0.79054601603218	0.149543427313182
-2.99455846516708	0.85658281674311	0.168036137603152
-2.93890067315088	0.632636015896896	0.198787454195749
-3.040729081827	0.786408518188724	0.245087748014966
-2.90458976465443	0.816522122938216	0.127970874606292
-2.83227965799722	0.835528914175634	0.126229972102482
-2.89895315136125	0.769908206477446	0.137260030067274
-2.87599336255246	0.744005780277289	0.169239072109363
-2.92695232287484	0.801059146148934	0.105703680955537
-2.79374655099363	0.809495395488594	0.167052802587384
-2.73764273381394	0.805387384302763	0.138725477731592
-2.95492339217872	0.859278127657373	0.130020269685989
-3.01246771438344	0.742192642390691	0.312904761595672
-3.03070782073672	0.785491368531673	0.18214736301496
-2.9428036043255	0.803343825965234	0.169498095641681
-2.96189409325171	0.701818601208221	0.275707961273661
-2.8453533491907	0.827150389452206	0.115369127812299
-2.87826980997535	0.867288030925024	0.099145069552878
-2.84212135117872	0.763253464528985	0.120108673341369
-2.8334431641637	0.768670048002074	0.305223004471219
-2.96436539859714	0.72693452461458	0.164626852623803
-2.88586848306167	0.809199136930867	0.118166923077779
-2.84861484544103	0.852389891846479	0.0960838747698465
-3.03934191081849	0.693166155921116	0.184369493153749
-2.74887512924288	0.815583826514247	0.15119962818758
-2.99759153728639	0.815501862951845	0.108494938934182
-2.91550869206713	0.790818739144878	0.138077271401866
-2.91355352749172	0.754497330861306	0.252754907134748
-2.76952378496098	0.790227848497257	0.215817440472803
-2.89115085792922	0.760494884245232	0.122615074502274
-2.85907199387971	0.770423600815389	0.0954393117622568
-3.11237087239884	0.807742546101033	0.145809502801301
-2.98711066923424	0.801911639561782	0.162094004264958
-3.08632704280423	0.619513859582838	0.324271920955785
-2.94248349018383	0.611437947627153	0.17347605143058
-2.88219625646499	0.858854791406505	0.119310227065945
-3.01437559363782	0.806928382255875	0.205242841421586
-2.9822791374544	0.801543661546068	0.127970705536418
-2.99422104683022	0.675724636407214	0.221036182247613
-2.87735728158367	0.759206832318325	0.261034482884357
-2.83347138632852	0.699411413700036	0.179685449223057
-2.97106176930564	0.775744984202601	0.145940588994916
-2.92835078047797	0.850575137649878	0.102607364566526
-2.93672209328518	0.759015163715255	0.170629535245696
-2.9019330972805	0.732238696170578	0.164115065694286
-3.04236793121284	0.748314492673136	0.138377999893373
-2.96358924508967	0.758536866770918	0.136450890988501
-2.99072351892858	0.662420340669791	0.217378665975407
-2.86388699022942	0.860498055210244	0.127672974170444
-2.9440805501887	0.801026331521243	0.158242282403869
-3.01679737755628	0.805686246337619	0.116454681514868
-2.928669935449	0.730171513446448	0.181156274344144
-2.76478160529669	0.786374516704188	0.134666910558879
-3.00505167824739	0.762615879158945	0.13572083466011
-2.80787969868214	0.783674443263873	0.17065341997033
-3.01897845784314	0.629390331949963	0.220462937051977
-3.00082264674538	0.773826965697338	0.149175030688139
-2.7782199905549	0.792572105699489	0.148714906880403
-2.99546863739193	0.785060529978782	0.146880228427805
-3.02509142269641	0.814986797603253	0.133648946725072
-2.85869133770871	0.696118090339363	0.174130286045802
-3.07228384168757	0.77057935390541	0.152577009718179
-2.88603974974742	0.775819537989202	0.206980733843646
-2.92696278058043	0.786541500655099	0.250249074824803
-3.10030771480428	0.841490749372908	0.12575988751108
-3.04031957561373	0.784704084353269	0.147907703581438
-2.97615922006973	0.828370583117836	0.15314986407674
-2.93322844000479	0.788184755708977	0.168872687791828
-2.94968267739444	0.806707814309689	0.162180164566765
-2.91080016987188	0.784755279607995	0.133986406408678
-3.00770733877274	0.682910519764214	0.157449773154498
-2.8915830930582	0.825300234079458	0.102993496530103
-3.03522231026632	0.757964109969372	0.200591737940945
-2.96788966316627	0.721996097409854	0.183812671158444
-3.04613343857862	0.584870415527747	0.475342558660982
-3.11274764665264	0.80540935451472	0.157396302523223
-2.95030224676478	0.855451560228076	0.0772711475829004
-2.96666720558133	0.763821474982759	0.180946399902945
-2.77665712617037	0.897833815545345	0.102326352380242
-2.90985057241836	0.80803323796395	0.112122201036902
-2.93114779992258	0.838313741646261	0.113945159174733
-2.98113372860392	0.7821224116359	0.164863085481136
-2.90150457622878	0.833497016175047	0.166393164446723
-2.91991695502612	0.648518918031157	0.199461097741101
-2.68746966085512	0.788538478466009	0.181967865934392
-3.01690810026555	0.875257349749622	0.106519550345282
-2.88693043585084	0.719104543800777	0.186907769413983
-3.15881331391579	0.753538042468215	0.229602370032921
-2.8747674556002	0.77538768651751	0.179703887534415
-3.04745742308327	0.789241637418256	0.1682076541426
-3.0041721501459	0.662563392470158	0.237550809092988
-2.9680155425753	0.772330093787228	0.124901914416743
-2.96718684376989	0.702044058239317	0.16503663755504
-2.92289794375062	0.827701932602892	0.136445704016922
-2.8816523671811	0.688413073568098	0.152012105928257
-3.03563303130312	0.754062402574648	0.130240732328834
-3.01031334461292	0.797963876599678	0.114483321767657
-2.96415648254664	0.662230713811621	0.212712417311119
-3.01638863190338	0.629152091847577	0.208519275228138
-2.98533540853542	0.644957023498378	0.283888959071235
-3.10230248106316	0.79521861816554	0.16368125870176
-2.92805942685636	0.7243510993502	0.242596979931161
-3.03174070835187	0.657115403047136	0.352711655512725
-3.02226614781799	0.824730603263604	0.14566362663274
-3.05918235395047	0.798086630668823	0.166618642484908
-3.00920226735685	0.789904468056655	0.152647570686167
-3.02483690942705	0.803603342570461	0.124065109667648
-2.87676339401388	0.783219311541448	0.100413700267916
-2.97702950565853	0.744152256891505	0.207448038296436
-2.87942218948121	0.7953287203952	0.111667720651311
-2.95839969136863	0.776313823013769	0.227631864735983
-2.94507525672944	0.791203820197894	0.111525270422842
-2.93665978449143	0.799555732908957	0.146453196939516
-2.99471549988547	0.756075328710373	0.211425459180986
-3.0122873699651	0.678676223790497	0.178133548341617
-2.86646390759076	0.849352967679982	0.146516615683388
-3.00120722411426	0.836408139704224	0.168936346302884
-2.90745885889735	0.654639653697895	0.426696298216769
-2.96929054707068	0.733208217261226	0.282543269469183
-2.89821783713434	0.795638611596933	0.143600232757726
-2.8483426808036	0.649376334763199	0.182349818826833
-2.9888558258853	0.817330700960692	0.142286714406098
-3.00333432175781	0.682495797984384	0.165200372007006
-2.96471631704069	0.756657261798812	0.121017149778336
-2.97510258359434	0.625014705112779	0.48397199277215
-2.95720736223034	0.588489638762396	0.322514311886897
-2.9231828085677	0.705974938271566	0.182351026550975
-2.95529813811245	0.773826737578409	0.137191365449863
-3.11682425048582	0.673508926527227	0.320653564303788
-2.9022911417694	0.827769792284603	0.122731292387997
-2.95014133713462	0.81708517665246	0.170031072873699
-2.85596834978718	0.752019706152735	0.141685007909327
-3.01031388771282	0.853043496408279	0.116420731927642
-2.80170629789097	0.753668281287186	0.161160122894133
-2.90164389189417	0.764941280870212	0.168206466876641
-2.97748590358385	0.818080416146705	0.129919637582143
-2.98759910843306	0.716908347359587	0.197114165642968
-2.88606588117401	0.733199815076666	0.203595730556059
-2.91229609424184	0.825684911653736	0.113993377484117
-2.91142301303989	0.887686617429518	0.107798289945315
-3.0349534006435	0.751869298015211	0.206263885872879
-2.93914690963239	0.739591190504534	0.162835995459209
-2.92634775200151	0.785400546865135	0.125912374762207
-3.09088750210384	0.8056509839342	0.21818378727698
-2.90519918083237	0.714436403741234	0.17949812583371
-2.94229912026742	0.806847053992557	0.195216390730929
-3.15051813846928	0.536910326913677	0.437991559466349
-2.93311437201832	0.686283628002539	0.169267662821775
-2.90269340345072	0.776590567751029	0.166664176014291
-2.97387719742917	0.605316313087251	0.3253571921086
-3.03200808508255	0.683973920711054	0.421002522857906
-2.98375155850456	0.697245020275315	0.253740280038276
-2.90202473072458	0.752370026325347	0.163667191746416
-2.9336976894855	0.759547060745617	0.169711124673858
-3.08049038905527	0.794225446684592	0.113753405194218
-3.01829817666186	0.856725039313613	0.0851925394579761
-2.9948192863187	0.880279837871679	0.0787513500657635
-2.96286534670789	0.772762604137319	0.213800489375978
-3.03343127137057	0.724146980742462	0.236501085963749
-2.84800451862837	0.851905383307321	0.078159337560384
-2.94164693700556	0.843514523417129	0.119014230624869
-2.8670229395138	0.805855924831523	0.136603284237958
-2.87251637335733	0.812328362476869	0.108854668649867
-3.08697664478969	0.901792915390205	0.0790913073424587
-3.05067252226765	0.805311719929216	0.123534726707129
-3.02227146953717	0.862656760184197	0.0839321068071852
-3.02729703207164	0.836015662818754	0.169306703444989
-2.94989506815919	0.753401610318513	0.153701945823855
-2.880233127815	0.707426565298517	0.201181637261558
-2.91524594492194	0.722700773140799	0.186718637473757
-2.83976202230587	0.8595530525316	0.0757219638864382
-2.88794261041718	0.740598659536313	0.2059681234453
-3.09677674021649	0.61726949395271	0.362219021769904
-2.84739942164655	0.829806161275641	0.139526725843724
-2.91209184136461	0.805792258231865	0.149364284021411
-3.04184874675255	0.819272323881032	0.145429487339131
-2.94870927810673	0.770682867836923	0.146622468832057
-2.95816505969718	0.868746709348731	0.0802884031955539
-3.09221680820526	0.814267023246096	0.162763072172581
-3.04589821005006	0.802130976677639	0.124639754086853
-3.01643506619477	0.725284496025314	0.141137346341155
-2.90670798799711	0.725581392835124	0.170775896876694
-3.03141747924131	0.880741482460025	0.150779538788919
-3.03024505799979	0.71184581553122	0.193436232704485
-2.9782308450664	0.730664128235942	0.236720104322429
-2.84810580000396	0.841085534146394	0.149604908515059
-2.82968846995124	0.797587644183225	0.113124011317355
-2.97209128068308	0.825223814113846	0.137701861558544
-3.01543090788097	0.779985177632142	0.16288851753996
-2.85010994345307	0.703264678034352	0.230451946079215
-2.91121833518988	0.771024953829616	0.187520067738675
-2.72169883729796	0.855560090698902	0.115532612506752
-3.04937246900189	0.856163777044749	0.093407339467621
-3.07344332976667	0.850470735942147	0.143210958068124
-2.84410857098115	0.655984374198649	0.153992135508975
-2.9146730750066	0.811814847717057	0.152394647380557
-2.86334639738662	0.816771034998012	0.106754328964695
-2.80888481021916	0.722441491190171	0.211188076483645
-2.99875526010882	0.844087263943158	0.126516390915903
-2.89284770508707	0.784999953419546	0.158156214902421
-2.99406552886546	0.668496802132067	0.153401662602528
-3.01698874678702	0.75345510832677	0.169714619237607
-2.96063227395883	0.667716220443441	0.121857035205488
-3.00358365994873	0.810577928215054	0.11680865154417
-2.89627051973387	0.696715733249272	0.291617143976706
-2.92114268543306	0.858381985234836	0.0884903327637792
-2.9270284442991	0.785962849222631	0.103609305006283
-2.93189952189755	0.803755767743979	0.162620558429958
-2.82217913727613	0.752904883701699	0.110069407787995
-3.06200078886218	0.719903978283756	0.17473264548161
-2.86778104671453	0.784514256969108	0.190561950882427
-3.03000507815877	0.802266388091684	0.17457493085455
-2.85668474281766	0.660129738385801	0.22949228468949
-3.00182725229391	0.72949878796419	0.206122701278078
-3.02017795238608	0.813684951287684	0.143498918080557
-2.8883010905163	0.762594553292605	0.109813881140396
-3.01555954550931	0.726123003507194	0.19259883757998
-2.82693546529975	0.859308000099508	0.0920179825453405
-3.04188537920544	0.705677600385779	0.27501491846943
-2.93469278366338	0.695554512921224	0.232921693081543
-2.96577602960342	0.689044482560626	0.116601862704119
-2.85736994651347	0.815788856365425	0.12669763191425
-3.04096982033099	0.679406590289335	0.231004986965801
-3.08554545704557	0.852247846648023	0.171413446363998
-3.03910277342763	0.80185719147257	0.188560786105236
-2.60591287545909	0.888494758261223	0.132767671849508
-2.83878548647508	0.743957964942765	0.197581679832978
-3.11133341515117	0.726573360091616	0.198379669027928
-2.89603524011016	0.820201442302518	0.14525260111707
-2.95293506035657	0.725218847030568	0.14086807289746
-3.01242433216299	0.813209518281492	0.137480268609513
-2.88674869560511	0.814738598336774	0.115685206340256
-3.0862176419148	0.854105494589539	0.13542105755157
-2.97966953194588	0.858671738111231	0.100147667058355
-3.006871854182	0.693910027089911	0.220698449513041
-2.98748788620904	0.81744576740264	0.192163672660813
-2.81956569986861	0.712699193376625	0.179109418980835
-3.06265744737622	0.714342336620559	0.259967770932972
-2.94710692438716	0.7877750440682	0.114622483311732
-3.03710736819088	0.816544785633838	0.177672248927446
-2.93859118334207	0.728498936785457	0.153260787225707
-3.16509709371984	0.679105478757524	0.239310672045583
-2.99941067635815	0.655105798244456	0.255654723617506
-2.90704260411033	0.79772258808618	0.137116317108875
-2.87998405400229	0.793756686565017	0.112454555313896
-3.01102672304524	0.679060506276826	0.168046172510072
-2.95093526765136	0.682189122967845	0.258641757720075
-2.97200040942484	0.773041946059386	0.0816364062882546
-2.90782368292426	0.794446438797943	0.131054480930143
-2.99339159832793	0.675862055280002	0.217071913981733
-2.90240105823816	0.769109458627331	0.146119548210065
-3.03549636059519	0.660326131339478	0.255762396686868
-3.00226431170636	0.848964958967841	0.119665783015235
-3.01701210066896	0.838966441912793	0.178419814914318
-2.87927280075225	0.895682861136084	0.107955831313401
-2.89969751735202	0.827133794122	0.119205767889478
-2.93516530649308	0.756747403903986	0.165251340865639
-2.93070222528113	0.817534240740051	0.157871068533349
-2.90037083587429	0.742804796864964	0.1665146669709
-2.7734067166044	0.764501311399028	0.138574104326967
-2.91253980958951	0.805721193901109	0.107617238869115
-2.79956614213994	0.763423560636803	0.179569758643418
-3.06122714240233	0.582209832071991	0.336653740104101
-2.85480138601147	0.714388640272081	0.125197624860276
-2.92373641009953	0.718064354624401	0.261384472965225
-2.88318837522608	0.82403259729461	0.138021997898076
-2.81733693680903	0.829790639546778	0.110345823536221
-2.99706799508416	0.632499618140568	0.453317830524348
-2.93935706546939	0.772297104652338	0.133550405794784
-3.07745327328176	0.825627158700996	0.150411364551185
-2.98723418237253	0.797575616171882	0.162931776369208
-3.03603621151753	0.753571314857308	0.218861285094807
-2.96961542822092	0.825206566588238	0.12896827265635
-2.92676767505954	0.743601879028154	0.178136426071544
-2.96686134743328	0.889403661455308	0.101475439210184
-3.0283269396159	0.820337323896479	0.174599844987559
-3.01048441555601	0.639027501687544	0.304884307929408
-2.86937737438185	0.857701307786527	0.0971888790187998
-2.87610802499246	0.779719321596937	0.154905335474913
-3.01198624107934	0.831105531366375	0.185837341152112
-3.07368061047128	0.713017896493444	0.134553468659496
-2.90778742205901	0.785690723859308	0.154965041750236
-2.80221779989925	0.783507199012758	0.173370054925653
-2.96727282809352	0.816740791198643	0.114192897836387
-2.94077332312285	0.722356759658572	0.1431628671239
-2.69722847509566	0.792977496645061	0.145484258421593
-2.92028906535956	0.706665857943748	0.232049466756616
-3.00163573816494	0.784095684854486	0.221020533931065
-2.9555454041987	0.791376184142584	0.186758041012351
-2.78752093074713	0.793247592534051	0.117414507017867
-2.97215598182428	0.665996909470431	0.280868586397121
-2.8835005801065	0.713789002663037	0.151536912615074
-2.88761515477875	0.611527642875068	0.397876380757278
-2.74391147985135	0.770869820254139	0.154671896806277
-2.86705220380523	0.818948028737318	0.200558017327294
-2.87699756259027	0.666472715511927	0.149612119947759
-3.0420366648558	0.805968137505807	0.169549855398764
-3.06331618081522	0.827870830632764	0.118092358664364
-3.12990104903591	0.85468982612743	0.125184366100024
-2.98432783039304	0.736171860306866	0.196146535129747
-2.87365583230504	0.715753524785933	0.117471146280771
-2.94740830457556	0.844737140574876	0.126522225246319
-2.95958445362393	0.841795181888984	0.0829003579394352
-2.93269280730216	0.812138545003968	0.140165328691849
-2.96840999916574	0.673267771281041	0.197706299810959
-3.06933673474878	0.802637680098353	0.159572567275051
-2.89720368493122	0.691074916094519	0.198242868255458
-2.79456672151927	0.837265333203457	0.112048909332096
-2.87227891120911	0.819981220245674	0.0952648135328892
-3.06457377111034	0.800454254710951	0.141949770096398
-2.97604920065871	0.740966959978774	0.171157180706794
-2.90272805720051	0.691897994677237	0.194943955136193
-3.02429386865806	0.594942639183612	0.364564061849629
-2.87093715265385	0.821202994584469	0.118913669315322
-2.91861383972761	0.846840542676443	0.118757634954852
-2.96511235647827	0.690677602930943	0.159076382857203
-2.8487846110957	0.816084515753629	0.152974146638348
-3.0306549179501	0.819200704908079	0.19706430278197
-2.92643293137071	0.794257514161311	0.156297228174743
-2.92399384483497	0.813965135124936	0.117187505707892
-2.85357829213298	0.754862284904325	0.172755729754077
-3.13728522345126	0.567222197825708	0.446595389882372
-2.98881267760967	0.766571060736679	0.196837214976177
-3.05256289820001	0.818218821989337	0.103382266383409
-2.85912141466327	0.75370515209958	0.162271495289814
-3.04324995347379	0.820366271975925	0.143804284645813
-3.0920954945002	0.772724088255287	0.223926682275571
-3.01223698990348	0.781316377302803	0.113515639237369
-2.84635369765646	0.809249914575183	0.170364401953941
-3.03059941265918	0.841452982651619	0.176977958450552
-2.93035061634523	0.792381263680271	0.141107899166878
-2.7815232105336	0.858579809779575	0.113514617477517
-2.90446960369342	0.861566866432119	0.0893933332297267
-3.00733966384208	0.739267076138284	0.173440045765877
-2.84129919132101	0.815622573535135	0.103391836402791
-2.85312650895761	0.688204266218397	0.105526620569554
-2.88530672487408	0.759671489115163	0.180081250058716
-2.77080364839604	0.845197743855221	0.115127071694074
-2.80809919889111	0.792163526496049	0.122728677313421
-2.88079364959886	0.824835666347289	0.153782584749666
-3.12661695416809	0.700017905477862	0.405363318486986
-2.84963629559041	0.83210967504258	0.174425302218338
-2.95466806840414	0.877125448984727	0.105144233813414
-2.93254274174649	0.772728860141847	0.165720986226707
-2.86089668434897	0.787055044428864	0.128383155223674
-3.02309084223164	0.767321996523592	0.190758702395701
-3.00465272451433	0.83727729166453	0.16937719372768
-2.96998240141044	0.713411845472741	0.156395192072187
-2.89829381336267	0.782349323478646	0.11439755327627
-3.09201648469788	0.856450586681024	0.107328991367122
-3.0085837010465	0.762459232283246	0.137590047959346
-2.93286968900867	0.754684281202279	0.183800203116267
-2.96093391832141	0.825768670213601	0.199026126644073
-2.96739622178723	0.795763412549019	0.16685941023061
-2.92792197112872	0.76544022845214	0.153886726685297
-2.91897225616712	0.832974986124703	0.138905246259298
-2.90340914750004	0.794103308738793	0.129036085621769
-3.02248270197302	0.700884007587333	0.17549491440356
-3.06899918645566	0.75019112002189	0.198567361509817
-3.15140439027673	0.741973248007711	0.248930735716215
-2.92967420675641	0.799600150164287	0.126872125824808
-2.91617946666112	0.830303026413705	0.118585127558945
-3.01460766784114	0.747489167192188	0.168517087714741
-2.83736149059389	0.782250946914344	0.148148525354013
-3.02695875626906	0.646801599639681	0.247537054312048
-2.96719604715385	0.765193332348333	0.157092665926907
-2.91033292911453	0.720668468114994	0.179235012156289
-2.95575700643758	0.764376709444381	0.192012067253713
-3.09248523388354	0.759078625599611	0.274589921099206
-2.93697216049742	0.736803239026275	0.168003812948998
-3.04786032214118	0.79716113363625	0.157722190799035
-3.01578959594371	0.681098992221982	0.245824025932516
-2.8372742540439	0.844574622575873	0.112846266046502
-2.88210652927919	0.70911914754474	0.149710002067153
-2.85136199037994	0.757123018605539	0.121435069775566
-2.96276966401235	0.810279079509658	0.142217434202267
-2.98839771601962	0.799659844635302	0.150022548973514
-2.83275667540115	0.746965491242933	0.248710962466135
-2.84884604115762	0.679246519661364	0.184882699132681
-3.09822364633539	0.813954659500779	0.126766941488958
-2.94981329054178	0.746006650727525	0.154541092838159
-3.0088842016894	0.726715866713443	0.203983997968393
-2.92149888884005	0.733322613389962	0.225143099874587
-2.93991822650979	0.772045324257319	0.118743658836204
-2.94119997437928	0.81057112743692	0.192900927356149
-2.92731312434671	0.843931550081248	0.164513219457728
-2.92249758502154	0.775018222733063	0.104596716004899
-2.95994884595976	0.865949079147301	0.0970604890284122
-2.9251754592577	0.792235942610631	0.124712020531935
-2.79064235340955	0.860846910319237	0.175432660742312
-2.76051333071712	0.802139861323928	0.132598766895909
-3.04755349543763	0.693879931672649	0.233084865915435
-2.90326755934491	0.772415289315747	0.150192586846252
-2.89640455607462	0.791005098226211	0.139561281869967
-2.89243775788207	0.673277509133803	0.166194497998707
-2.86538047654913	0.852829697446752	0.104815600462235
-2.95126740925819	0.824782541041319	0.137681382903218
-2.93744654071206	0.757413022362813	0.199720500904804
-2.89451632712263	0.810478298786734	0.105066770735992
-3.02087981733601	0.658374768471568	0.328538163881079
-2.90836857159685	0.782171439823481	0.134992214844508
-2.9004894369098	0.824013701341233	0.0872565828819771
-2.95621389253672	0.763581218981345	0.171328204213949
-2.93860236430259	0.740427572696028	0.212153166415171
-2.96316844791291	0.710978205923302	0.204152511039789
-2.92811370254326	0.823947029804968	0.177822290895588
-2.90517663766077	0.801430865823906	0.102415450870485
-3.14856685582772	0.703489555816093	0.187732026738926
-2.89564519190517	0.60993284092282	0.202293753880074
-2.83809093963843	0.811575359915144	0.157966628123813
-2.93871985507234	0.833402465472113	0.107384367727193
-2.99543853946874	0.813310630579374	0.136514595953098
-3.01417559203647	0.905708536236906	0.0784776204403618
-3.06139590834164	0.801440053840507	0.120475820001339
-2.82044877551895	0.825650234083269	0.0828244491259354
-2.83194540431164	0.827254830303762	0.20771140763031
-2.89258458053972	0.75443557135763	0.169586286216601
-2.97919032423213	0.696619584781023	0.231892976131944
-2.97621192161379	0.807951057093103	0.149293939167158
-2.97271023748742	0.800719659661953	0.142528521099579
-2.98240430615334	0.687681715255789	0.246547592704793
-3.01171313710089	0.576157347171048	0.197085709433309
-3.04723117930132	0.642644895054288	0.346866910560412
-2.88035965624814	0.799555954725738	0.154761263006801
-3.17095508597539	0.70658110096397	0.238512229252101
-2.88030052955272	0.750349828373432	0.247905399621152
-3.08714223135451	0.834753100383203	0.137710505503804
-2.96770308938937	0.786607633703596	0.169567467048207
-3.02391977846914	0.806349583735296	0.141405515978643
-3.01474739714034	0.851799060699018	0.136860850321562
-2.88352049924564	0.603469699896849	0.145628424107984
-2.95851064188916	0.745143230361433	0.150343738866802
-2.91822126779108	0.736512352537498	0.239865918810494
-3.01635166911759	0.849494447286147	0.0937755678874263
-2.94252234971997	0.765870363003618	0.138304589277254
-2.98722004672951	0.675157781449067	0.111408434132304
-2.91870773273292	0.831780047859686	0.123879196466364
-3.02263494180629	0.764024494937792	0.215169069492983
-2.93617888885164	0.613360079708462	0.269710674261808
-3.04028250052538	0.802183337882332	0.129557820391239
-3.09232433417872	0.760815421440725	0.165823620147689
-2.93934268474261	0.797714372782786	0.129722205552738
-3.01048314188357	0.653920849973212	0.167990304450974
-2.95405604026389	0.688287601484484	0.231162312368813
-2.96758468769853	0.730778183434111	0.159484468081855
-3.14079431361952	0.818811065610834	0.154145632185178
-2.93453641355217	0.789474553188789	0.21477329435824
-2.88330424046406	0.785288115985356	0.212764598248168
-3.11482793066074	0.671742330666168	0.331152668347863
-3.0073128396786	0.782757994819648	0.203073170113646
-2.8535573654127	0.809122594371551	0.129396489865847
-2.82263642098608	0.785021801626847	0.17507399077414
-2.98650099445957	0.762832850110893	0.160067791479817
-3.0354837826994	0.5296302249403	0.363072549944366
-2.65703796719571	0.787378412993553	0.151721257892383
-2.96076867189855	0.638972819146778	0.265597359926644
-2.91707366387691	0.80398619784815	0.133564403677585
-2.94412644118196	0.694017690204114	0.220816250684001
-2.83773887771933	0.813678383719979	0.138525684603677
-2.84851289005973	0.629474321538524	0.244150068568299
-3.03609053943528	0.805355030512439	0.108541892835558
-3.07751495308716	0.83487763558486	0.10201047554391
-2.93791360451745	0.742328195887516	0.103242193634042
-2.77049590226433	0.875670255851903	0.0925052396905332
-2.94610853102835	0.783157066823969	0.120619198945726
-2.90813896729584	0.679742614579276	0.141208385231781
-3.03308725212455	0.572265366458011	0.400938213241028
-2.96432369136758	0.738421437220347	0.159989836306556
-2.97895058856815	0.645729437918058	0.283428323155488
-3.05248552342942	0.731073511485916	0.240398460559749
-2.99535311893038	0.72179616519978	0.179980178514804
-3.04758111537433	0.807261617299096	0.139442691803142
-2.93750781108372	0.739110425114913	0.269107732484108
-2.84511468355717	0.776840854076614	0.182267876835186
-2.86498631350634	0.821807499140258	0.111186502956266
-3.00400729845242	0.802878382258138	0.216807869848192
-2.91688623978229	0.753983358843907	0.191982413250779
-2.91057334100076	0.767451453802996	0.191821047803402
-2.99364061523454	0.64095194052943	0.199917165904051
-2.99035922453911	0.843350452310359	0.11237458861559
-2.96975205184555	0.837100942828391	0.121003045963365
-2.96004537002737	0.811397131989809	0.0945651250155607
-3.03385041166404	0.735732166220719	0.14942715182128
-2.88185410535078	0.721341292348671	0.168665158595019
-2.85157827298167	0.796989172961918	0.164205926076675
-3.02366454655684	0.750531985423922	0.176408953186094
-3.00977670769162	0.740727674124938	0.215243601960351
-3.00282423021852	0.750070969730999	0.193358628398941
-2.92938295037621	0.707269392477062	0.226462389973448
-2.81458318470057	0.790891250450802	0.173802027354
-3.09761234225891	0.836897081083651	0.120918633504953
-3.01534515759203	0.746869058138835	0.20343257914968
-2.9991563865604	0.817049405946307	0.19628865815994
-2.8564792850256	0.65486744824759	0.170072295626909
-3.04095995254233	0.596583361556026	0.401180050719493
-3.08178537160309	0.716801980482231	0.159744941174827
-2.96765263669208	0.74612299126072	0.150494839369058
-2.80525232341631	0.616348568163948	0.317676632817606
-2.97318730880921	0.838725980716464	0.111912362316095
-3.02119000342229	0.757489934801854	0.115989108416349
-2.93995872090988	0.873814000117321	0.0925261024496491
-2.91044640400341	0.680739473927868	0.275391863352959
-3.19885457726549	0.74583199974897	0.176508049941067
-2.85253629487785	0.779666174565407	0.145965036851633
-2.9973192863509	0.80107566013823	0.165170698809473
-3.10396676946793	0.843603169965472	0.0841977934363737
-3.0374586115062	0.740839229526057	0.220276117776558
-2.90342514335045	0.811361701978365	0.142126464341926
-3.00561952247387	0.813103182794159	0.150719477483886
-2.8983831275552	0.768061657592822	0.190957003836791
-2.66166372160942	0.863969934482985	0.150238830872707
-2.95337595312894	0.74883344641116	0.201251270505292
-2.96414020760651	0.867029566263556	0.106592583535389
-3.00593412407192	0.822560103076953	0.148082924356686
-2.90239159965735	0.854956882646396	0.0909334619879869
-3.1584727750366	0.859220320802563	0.142117326524448
-2.95700468209888	0.818919885254024	0.146141209968977
-3.03588316558966	0.738485106256126	0.141846355127595
-2.78603716406302	0.791907872076169	0.162774874908652
-2.95043358392057	0.836048086283297	0.129991646053687
-3.00660652964189	0.872042357552757	0.10765035615225
-3.02895655256616	0.781212031996516	0.12593072376101
-2.89482397232951	0.661421634243426	0.364451920134947
-2.90123586764056	0.711593869246934	0.196827153019225
-2.95553318614896	0.843928380631066	0.115224186328289
-2.98312609874983	0.814229372598132	0.138454471907136
-3.00739644077882	0.728710182363532	0.198355994164872
-3.08672189145068	0.817663201263026	0.187895698085582
-2.98444196296402	0.772563022948601	0.131849133735283
-2.99867481399647	0.764292998388061	0.147704541077559
-2.85328108543809	0.738753336869833	0.230547573230774
-2.97060720372183	0.689288160439284	0.261317436611064
-3.00524353036837	0.619879234498304	0.255558369523777
-3.02466278237391	0.637603624635455	0.228437608883606
-2.99715656503222	0.841750394989786	0.210855566058969
-3.0340422496628	0.755568644099412	0.150761626058545
-2.91544715044659	0.675265522645948	0.1954474311653
-2.98592701860444	0.66541812711674	0.257208111323693
-3.03681694208943	0.82400964249645	0.12824091807247
-3.03256510135847	0.7850400096388	0.197685593716261
-2.90088284231446	0.724514978524384	0.257270105038537
-2.89013070900415	0.797510813401237	0.150281619240591
-3.00587010071086	0.801927981346343	0.200612729424594
-2.78327787070683	0.827422799135326	0.123953955936102
-2.83693266283449	0.768371642878049	0.150878697103901
-2.90949623789912	0.580994845653664	0.403208756560285
-3.12642584491277	0.740737682602703	0.239618351272362
-2.85653824296092	0.751877567521803	0.217068314705063
-3.0381251954153	0.839850732679737	0.118539727172856
-2.83447176618443	0.868413551819663	0.0864145678602599
-2.94887833311095	0.774320207491063	0.127454109932931
-3.07830113174529	0.821212255857779	0.120245392301951
-2.87921336588293	0.7955362327725	0.121157083610926
-2.9328504470078	0.855041280538131	0.103605006908038
-2.93546793300506	0.835271383049573	0.109427676634835
-3.01039970677146	0.675700110884161	0.307667201892574
-2.8646286958763	0.72123871805501	0.175788925312439
-2.92602701280462	0.764371183423095	0.152049547980076
-3.03397371055192	0.840853262122436	0.0941722440153601
-2.80066364479591	0.606274931222009	0.168248593167576
-2.79824130194834	0.818942464977436	0.123266162200347
-2.82926698559349	0.776126078446988	0.206775860366728
-2.83972314699247	0.761098202011769	0.0827364911003049
-2.96005350246848	0.677552193284586	0.335332022114443
-2.88848077136809	0.803821967086124	0.111440574092182
-2.89143447579308	0.752518753537249	0.167750544139581
-3.10714444790182	0.796943862994807	0.145371531679952
-2.99518353153678	0.673235936215129	0.161329720855378
-3.07665974504769	0.65562198857293	0.309829092574494
-2.93879880464897	0.783014223450197	0.187538354026286
-2.92425240824017	0.791311335284701	0.172282911190556
-3.02203082671451	0.759703056907434	0.153526139336831
-3.03631746093351	0.694313050693921	0.179792252510917
-3.03515060787987	0.846618561151511	0.0821098804917823
-2.92458226894694	0.789862748493861	0.169896223064633
-2.81063694381989	0.679644518787117	0.115766090675491
-2.83347221630719	0.774248611838766	0.174070988043572
-3.0130741173555	0.751207702101846	0.133723262349395
-2.77754765789914	0.801736144226254	0.202099665225744
-2.9443255216727	0.872774763059297	0.0844169972600159
-3.03952700004081	0.650246567555463	0.162048903183897
-2.95795579306219	0.794832052556645	0.139521661165163
-2.98401081059076	0.633743064021416	0.221362453245428
-2.80322187821983	0.815266695225078	0.107886966500552
-2.90087495668686	0.770137795118988	0.146870879133369
-2.8392634980302	0.675657447199813	0.08368988149742
-2.9744785768932	0.771305545850388	0.171964138885758
-2.93509966549519	0.783772427443092	0.156221638568751
-2.93969722275343	0.787688927068757	0.185319306557333
-3.18906828087608	0.78356937213826	0.215856435139416
-2.81794978127006	0.823634855352617	0.124490995269851
-3.04869114037604	0.815980421944013	0.146775971528293
-2.89411247370286	0.784630520185181	0.120869241775218
-2.86662632970346	0.817821212190126	0.0867073456485298
-2.84052214966785	0.822456624869211	0.11972397644334
-3.0394111783113	0.697190167890223	0.304052365895707
-3.0184657500229	0.855720022389595	0.0907376128476828
-2.81464338224752	0.678233535094035	0.260541509795234
-2.92808795668119	0.763551575365123	0.214983188678041
-3.06309078666968	0.902388980082434	0.108426377649842
-3.00340280528824	0.804597318619043	0.118994381015003
-2.92091253551515	0.732436029657261	0.184068240439223
-2.93509164882661	0.693867708244881	0.303927879865334
-3.02567145797714	0.72515182442399	0.248251548898207
-2.96338315274895	0.565631372720094	0.303286990043316
-2.95666791688908	0.757027318152359	0.239718360228172
-3.00767536170685	0.708118165014128	0.218422241030775
-2.93612179430107	0.819256994875569	0.0957485264127014
-2.91360158306188	0.823256719165036	0.132682316940836
-2.91283537849964	0.77812635268035	0.186323775654719
-2.9434846203775	0.655648995920427	0.297862715201408
-3.0289768147253	0.788892764197083	0.169902661176903
-2.88282609994713	0.827480226967624	0.15794864434324
-2.95827947011798	0.671669347903442	0.132205311433335
-2.83689010475984	0.834335827148015	0.110587434760242
-2.87916983939779	0.733994481368053	0.230826240948418
-3.00179260852218	0.63770458375492	0.268016476447414
-3.00597896934714	0.845204209287373	0.125214184979851
-2.98549547385259	0.7959412327317	0.127982126168508
-3.11224651292088	0.793250601209562	0.137066067450445
-2.91831090090069	0.830145500460445	0.115414946817563
-2.86962451131301	0.788707219220488	0.120576372798808
-2.95912094120393	0.801785284162091	0.109019888708398
-2.84082399650912	0.820635480039265	0.194775291537711
-3.03454176180398	0.726903020264243	0.164528808242312
-2.89656491958495	0.824598414104187	0.0837923299360464
-3.02092423006161	0.657599837263548	0.221884338982776
-2.9118138103715	0.871070570800514	0.0879213801060477
-3.02726745408408	0.657186210470499	0.236958327875141
-2.97720728831345	0.790705343764514	0.129492651870793
-3.01062390315113	0.705779630887934	0.272281086279871
-2.88381170118506	0.828533613211587	0.103690144973564
-2.90485711218912	0.834930006217556	0.164661178503452
-3.04035707673269	0.769496459297355	0.182099788647304
-2.77139998359374	0.83073725599445	0.19013974033913
-3.05792884426437	0.847757537622665	0.14178327883622
-2.96964824442225	0.695912242618239	0.185783167277798
-2.87884241801662	0.756091373275961	0.140830060916199
-2.96216726856108	0.794178084424336	0.162483489975192
-2.86495619560219	0.74034274139679	0.202871490786896
-2.85400138181684	0.761771914849241	0.144288504954829
-3.02414290458674	0.809554019231562	0.169610487615735
-2.88035656051263	0.813979614514322	0.13103909701243
-2.92016018750938	0.688518399377373	0.229827099828746
-2.97076138665047	0.758473796361885	0.157784888596298
-3.03582711350511	0.823497185705703	0.148782012573814
-2.82402596878593	0.830792633365909	0.141084272488569
-3.03896868359754	0.780554281279112	0.155075938500651
-2.97066124002212	0.855777300055668	0.140204453895218
-3.05038123800985	0.845611100118421	0.137257699344885
-3.06020535714242	0.840244437280268	0.111306819423046
-2.75435844401114	0.846669423491585	0.127431352666523
-3.01478294338442	0.780695553338417	0.181325636832398
-2.90943686827392	0.750522449944164	0.143700963896083
-2.91909035085896	0.714485502946049	0.309163976308608
-2.9635167821535	0.793254560445957	0.176691044043607
-2.91601204741003	0.834203896066605	0.125777462260843
-2.91367174547535	0.693306481521869	0.191724330549214
-2.91748140384559	0.817686776118065	0.170680320448637
-2.89398667675365	0.659436411991441	0.200853186678934
-3.01134338176364	0.716377645477226	0.247114665918218
-2.73509641539863	0.792463760702891	0.129998647714702
-2.83345985421484	0.775032896778493	0.233829691849881
-2.72836113514774	0.861354642181425	0.155127186263478
-2.90409613990461	0.771208852920469	0.138987029786746
-2.84631039420508	0.797805770516983	0.221515694736775
-2.87056392368967	0.708001106375784	0.186103212483462
-2.97916500550639	0.691185327251227	0.208677481220293
-2.94498907036998	0.592604421894085	0.295197620644511
-3.09627511696553	0.786929028360636	0.210300643777663
-2.89184910638465	0.821632818005346	0.158416966468032
-2.87074025587382	0.843776459824766	0.155426681967741
-3.03827680222376	0.870712161617024	0.0750827270151466
-2.96557108865693	0.750543747944233	0.219782770449211
-2.98742427841612	0.829589685139906	0.092836284278384
-3.06614600099069	0.826149366316629	0.176930442640919
-2.91388309975417	0.689736123463021	0.30974183368868
-2.9450858565147	0.842004232190776	0.0941737042329847
-3.06323860984802	0.789467847982883	0.145406679928341
-2.99385723332046	0.69862860864246	0.182639837390185
-2.90173821776605	0.75074784682629	0.185757375764399
-2.81332286711475	0.836648319477664	0.141933818500303
-2.93636069276496	0.855715401951907	0.117569495368462
-3.05878983226936	0.848974336676271	0.1482309750881
-2.92250863646036	0.687501770418345	0.165389668206262
-2.91906296545306	0.778596470285264	0.152855147174903
-3.06266992135644	0.597621740579332	0.291852161111849
-2.89387239410669	0.841366548236786	0.113415697253648
-2.96061381535946	0.802052990936264	0.205555945900161
-2.84336963032492	0.812589254001508	0.098707223846301
-2.96592439262771	0.822735676822566	0.169053771991222
-3.0402842579898	0.781191222779159	0.15210277906547
-2.95415462076186	0.87403039354221	0.100623306333995
-2.9899551664637	0.763293848106818	0.214480652032325
-2.97445222401032	0.793918071106552	0.152350353922882
-2.90597319137812	0.739718723002799	0.210123133145659
-3.08301783161348	0.85657803326255	0.18498256966734
-2.90166223390153	0.711159758647383	0.177289581368806
-2.81080956686946	0.781762372560718	0.126630687673594
-2.99597825522226	0.75231239635827	0.175889902250389
-2.94359684074913	0.71320270434051	0.207195444756914
-2.97129982522168	0.850544185166126	0.109401568032888
-2.95081284150366	0.743001900755961	0.158459412319892
-3.06030144227493	0.675544828534123	0.222243500196243
-2.99307651566731	0.620674599606003	0.19994804638879
-2.91263739564272	0.758560179136619	0.11725532289044
-2.97861767304401	0.783667200280199	0.113377359247031
-2.98460260718125	0.657171611693157	0.318618091192923
-2.99469403101971	0.658721989353418	0.322544054294658
-2.81305520414711	0.748706194327574	0.305961432854125
-2.99295682798912	0.816249525942082	0.136421016673382
-2.88816531834304	0.768155537437707	0.18041574186875
-2.93634282671575	0.777608845554459	0.1512811700414
-2.96336704111283	0.85686036908665	0.0941894405073275
-3.02102087520442	0.703404965437441	0.179128287815723
-3.01326178218042	0.750309395841191	0.211254218744944
-2.86632861349131	0.810452580116508	0.136204985384347
-3.06437983208047	0.849273259739073	0.0947480511548529
-2.88232318674677	0.835141403171202	0.136704191902324
-2.88914696754555	0.816855900204978	0.144515382515293
-2.94477374894291	0.798556813112114	0.146797889546634
-2.91108852112237	0.807183974668686	0.127786053307595
-2.82671650562983	0.744302374988739	0.14868251786528
-3.05655612538219	0.687935958177329	0.40969102734004
-2.93993241926911	0.790799688184637	0.148177196276475
-2.92518701911377	0.840802427365282	0.0811773523594448
-3.02167881459945	0.850283770376826	0.20382398170616
-2.87740167529305	0.801051276918528	0.15350839497062
-3.0431073836644	0.805546015831693	0.13585192968174
-2.92140787946287	0.77982603262804	0.120130063251362
-3.04112605876947	0.833421904788009	0.142230939164132
-2.99092261945987	0.77647328861396	0.172590170939338
-2.98845438846103	0.832553555809961	0.133076942486124
-2.82532832242396	0.843630044594556	0.105112126841301
-3.02741947228496	0.731458111189834	0.261004358868371
-2.92307258409119	0.772947491050616	0.141907978552053
-2.95332230935503	0.799244237832465	0.133702574091027
-2.91283279354587	0.877153062836586	0.0926962017584147
-2.99343344793603	0.850351527825532	0.115526278715648
-2.84055977444985	0.863346931494738	0.0933193500420881
-2.90337349548533	0.733241234599545	0.175522049320977
-2.93255355990437	0.797849888967167	0.101146493327817
-2.86387275053966	0.767616197341127	0.135036143066391
-2.77307895750032	0.79561504497277	0.135994125557905
-2.97834487494694	0.66926656981833	0.272930028668057
-2.94676524511794	0.765231767801862	0.131490202165232
-2.84631868559749	0.791573544399207	0.18171768487763
-2.94432429346058	0.825677202792673	0.162465460243627
-3.03032856627832	0.824301276059201	0.165290497717516
-3.02433890184241	0.708295745930655	0.173114259478012
-3.02824892107889	0.723412189485282	0.194776965242236
-2.89072078813109	0.789105076927941	0.125005109750063
-2.81011405238382	0.67618245034066	0.117641234553207
-2.93741582757436	0.635646763644899	0.281997334367824
-2.90896262525963	0.731283215901294	0.183621444900983
-2.79064002126609	0.79297645459067	0.171355108037425
-2.92530087545159	0.80791970952625	0.148400395983565
-2.96100808106024	0.821521533549224	0.123448890119094
-2.7404180939226	0.722747475889375	0.450544777971707
-2.98571552950136	0.718496786710876	0.302440961400388
-2.91316217838202	0.756195681114798	0.111506999777467
-2.9534001130476	0.727005367906103	0.228022000624901
-2.90781736711754	0.677980087271836	0.229088160168367
-3.11228194087301	0.810401068416621	0.203226993664854
-3.07619715286317	0.775641127090269	0.14746104257493
-3.01251477084727	0.659927886159849	0.178810521847609
-2.95773532246847	0.711606432948919	0.16359178471056
-2.95865439046208	0.703982017119243	0.160732003742795
-2.7751209336666	0.884013256121532	0.0823601297053492
-2.93412630800157	0.729146668383355	0.182614968715913
-2.87278464374562	0.795393912060022	0.150537826578002
-2.98010650047752	0.738385022139744	0.237073011192138
-2.96278890031651	0.835567918385772	0.0955526174371886
-2.92388019667313	0.802501515448582	0.139907153451487
-3.02745224827828	0.760212047369598	0.167981236751631
-2.93285946106148	0.811420478008994	0.178245084817005
-2.96350601380276	0.665436720418279	0.280640221315093
-2.93608606154901	0.722522846314653	0.208090764433479
-3.00109812985751	0.722051855319713	0.148871701534366
-2.93350081920242	0.761133517181511	0.141145417066096
-2.97329236555527	0.881909651650538	0.10042352392515
-2.98872386409111	0.740516729905166	0.226359869353687
-2.9158420848514	0.678649764691921	0.241719169421337
-2.97021038331116	0.719003339046586	0.157615984949691
-2.94590592857599	0.730228923236613	0.196916677060688
-2.90100833414975	0.693051986378775	0.196193413954621
-2.92796644655425	0.785464645845253	0.15313677094864
-2.82108169056229	0.770916114445989	0.119316700419512
-2.92287481691559	0.732217304182951	0.168326768134346
-2.95505663840814	0.766597066874802	0.195402723043832
-2.93780063876149	0.776110858028184	0.169157218125275
-2.96131177727639	0.780730666188964	0.124726476711625
-2.98323532894517	0.703800384164166	0.170509666968918
-2.84023221721335	0.750692350857766	0.168628481371794
-2.88587223626851	0.795303489458007	0.142048302295579
-2.94823596638181	0.77566041715044	0.150278624734595
-2.87245410174173	0.642564520627979	0.340474823930223
-2.90996703487422	0.833291929629513	0.131772676942042
-2.77362561210807	0.778816181026408	0.175281756391175
-2.93271361156065	0.827362287310565	0.111219463224484
-2.99223272336329	0.706711872512286	0.201504289352125
-2.9588590227827	0.627838513121696	0.294012731780095
-2.86779320055104	0.663934245921372	0.177964217005217
-2.89819328865539	0.828527170388387	0.119190624786114
-3.0767172209268	0.71339545928756	0.250375174835313
-2.96941434833798	0.80984039640785	0.160324233152887
-2.94500004359267	0.572649820207515	0.347681494967215
-2.8700429682755	0.807481137088718	0.112269868996052
-2.9110873824003	0.834174325421804	0.101065220186704
-3.10127551877689	0.60325547313225	0.329661486438079
-3.01659957804404	0.729728636764611	0.184341136825718
-2.84410995452039	0.700845525424715	0.202965513182099
-2.90036847326256	0.767172823811493	0.166645999952502
-3.03016937238032	0.814114464452848	0.126668524006749
-3.04012734560377	0.812186116280562	0.141608871161295
-3.00731579453269	0.832419484635334	0.110793429153201
-2.97050523477452	0.719324546998278	0.227709706955514
-2.95275510673449	0.79477348657396	0.217095314738685
-3.14818303912632	0.720532508455119	0.272742091822911
-2.90196977397924	0.701080424284603	0.125396699555654
-2.89027035255904	0.593297594847095	0.165849343103763
-2.95167442553664	0.636724518220211	0.145852500579764
-2.83445283811227	0.720956054326863	0.123034052730364
-2.89110247500864	0.612569404028358	0.300001672674056
-2.98362131525781	0.764539405307332	0.165357228788651
-2.94527867312645	0.500444503123714	0.34747455174605
-3.06010352946106	0.781998575253445	0.190294238542138
-2.95211262365835	0.844496163908912	0.138855594577091
-2.95854699775915	0.774521766531168	0.170294603683484
-3.11129042170503	0.826557641046013	0.171594933233302
-3.00893410217654	0.709703004211822	0.195023638333047
-2.94305779939611	0.771449276515321	0.146469949346457
-2.95434842817576	0.750969395694386	0.210577576629694
-2.98752299475693	0.770871968913061	0.213337531699096
-3.02493556520348	0.684217991973076	0.368432307847939
-3.06950458359044	0.812899202184149	0.138026826673257
-3.00581462734353	0.768105801359802	0.149764578926176
-2.92793163184554	0.744005163065278	0.159059958337328
-2.86126255869912	0.807126022836839	0.11331541051659
-2.99699688254567	0.60498954446965	0.306387492124787
-2.87755627627286	0.837367384957489	0.114389715948916
-2.82193753928725	0.906502366468721	0.0728235633674628
-2.85152322367959	0.637239432386657	0.245222921916458
-3.09650454187585	0.798169820946371	0.176039649518985
-2.93261782109576	0.778143149797904	0.204938164282061
-2.97264384184865	0.814416547294317	0.144365569992095
-2.66935303197179	0.810528188930949	0.102164060806609
-3.21576819413164	0.674966055988032	0.441200092682824
-3.09722310422587	0.60741034509625	0.486794811656539
-2.98469297455088	0.802590776370656	0.161496859338169
-2.92265202711846	0.82936286563075	0.175251165670709
-2.78102449908684	0.824482848905966	0.145650570392923
-2.93349134810093	0.724085042855349	0.0919771919122001
-2.92502381328561	0.784440269078545	0.127707309407929
-3.01466286215316	0.783209391057274	0.230437434788927
-2.8492762417213	0.811312925149015	0.125808264825943
-3.02161322936502	0.785242241587228	0.145881360088111
-2.89488791296679	0.824198334268947	0.13639523460377
-2.8295188055682	0.787053864233755	0.171585655798717
-2.96291152546028	0.676939039173434	0.258763309106882
-2.90880381399524	0.818651705410697	0.150397530945605
-2.95191640369154	0.874942275298389	0.0739702383231335
-3.0534879915079	0.709105850405419	0.149900776140534
-2.93649032870459	0.730578553528967	0.183292204817448
-2.91879019365785	0.825620512903678	0.206517190220495
-2.80723137677557	0.812610202135172	0.0970607033828785
-3.08855833393332	0.800937338232616	0.115461118359449
-3.11232428519447	0.766497018295246	0.175127700544825
-2.92897108098547	0.833461702490378	0.156099405964165
-2.93776730159706	0.75846878335922	0.21101233250371
-2.92766375988975	0.736624790901998	0.173072493728527
-3.06412758031192	0.837203597384242	0.119344032750035
-2.96692232935489	0.579284102037478	0.370706466177322
-2.89335744661072	0.769525868496301	0.122505238614748
-2.84945712240123	0.787489030919973	0.110596694316771
-2.93795495939128	0.736116624434924	0.22155192107443
-3.00578237794921	0.756320485098707	0.140350323827729
-2.89892148955309	0.85275015087614	0.136416055543933
-2.92357406743335	0.671541510967159	0.214629668336153
-2.9798889318716	0.744641842751461	0.156075364763625
-2.84067537890291	0.722702975398317	0.16102179792404
-2.97614318916609	0.799058405075735	0.102019172375973
-2.89323813338607	0.732398751879386	0.195060140762073
-2.86614236014994	0.741564715205766	0.210381544819525
-2.87570724113273	0.802097547224965	0.121124720282628
-3.12860494663595	0.741565912730839	0.143979323751362
-2.98293901098829	0.790122217067441	0.0893658061417268
-3.03358912216477	0.808974418685906	0.18745633320218
-2.90326031272246	0.79793852324707	0.133984237384869
-2.86177211627055	0.830623078699894	0.124585372124319
-3.04618271157512	0.703283370078365	0.193958943313085
-2.90416388404622	0.879053223857701	0.0959830002294542
-2.89848573784477	0.777333209054186	0.162848650004202
-3.0538490066307	0.7206074182217	0.348516855728544
-3.1371440616465	0.726886401108769	0.181399476641748
-2.90905539536415	0.81798092970396	0.120445239850714
-3.01588376334062	0.672598225261664	0.172557326941046
-2.89539361345568	0.770528660784771	0.15134630640512
-2.98766091514181	0.726664731829781	0.141359695801755
-2.97603621729677	0.672727541999687	0.327015147974721
-2.95456408187229	0.712429069183198	0.213385378351516
-3.04588750939899	0.7517746460617	0.235018181920086
-2.8016509397752	0.823693698504051	0.120017782467434
-2.99911822084592	0.843000558344116	0.136363389526149
-3.07452663181507	0.789495819231686	0.0981846726891814
-2.81987136809631	0.860852785720285	0.118941509195001
-2.99507042718936	0.74201329450175	0.127213097231269
-2.90142902894774	0.849558957345558	0.120590259692473
-2.86699906617523	0.835103628981567	0.155719092180256
-2.8479014455746	0.822402086507409	0.107837085016176
-3.05027732648877	0.74751591711941	0.184655399397342
-3.06478628795321	0.708477714726157	0.208761653737026
-3.18820156703769	0.886808570661026	0.0935484147493617
-2.82080012932537	0.788876959623612	0.153079131524239
-2.84633953518673	0.8340270955729	0.111700779872007
-3.02528879434305	0.772604124787969	0.16127259510187
-2.93992687138569	0.782609419111703	0.271337228006103
-3.06920481014618	0.739561322252851	0.253523985456274
-3.05372542224343	0.903505591174722	0.0882948623261538
-2.96580947553049	0.851392420247147	0.0978254679113562
-3.01910688771534	0.71294767647702	0.342087757660035
